0|0|0|0|0|0|0|0|0|0|0|0|0|0|0|0|0|0|0|0|0|0|0|0|0|0|0|0|
0|0|0|0|0|0|0|0|0|0|0|0|0|0|0|0|0|0|0|0|0|0|0|0|0|0|0|0|
0|0|0|0|0|0|0|0|0|0|0|0|0|0|0|0|0|0|0|0|0|0|0|0|0|0|0|0|
0|0|0|0|0|0|0|0|0|0|0|0|0|0|0|0|0|0|0|0|0|0|0|0|0|0|0|0|
0|0|0|0|0|0|0|0|0|0|0|5|32|32|5|0|0|0|0|0|0|0|7|32|32|5|0|0|
0|0|1|20|32|7|0|0|0|0|0|45|189|189|45|0|0|0|0|0|0|7|90|202|185|32|0|0|
0|0|20|153|200|88|6|0|0|0|4|114|245|245|115|4|0|0|0|0|0|32|202|253|221|50|0|0|
0|0|37|215|250|159|16|0|0|0|5|129|250|252|172|22|0|0|0|0|0|32|203|254|244|112|3|0|
0|0|37|217|252|173|21|0|0|0|22|173|252|254|232|82|2|0|0|0|0|9|140|250|233|82|2|0|
0|0|32|202|253|216|38|0|0|2|80|231|254|255|249|127|5|0|0|0|0|9|139|250|217|39|0|0|
0|0|12|122|239|228|69|1|0|3|94|237|253|254|251|159|16|0|0|0|0|21|172|251|204|32|0|0|
0|0|32|192|249|221|49|0|0|8|129|244|210|238|250|140|9|0|0|0|0|33|205|250|140|9|0|0|
0|0|39|217|254|217|37|0|0|34|204|244|152|220|252|172|21|0|0|0|0|37|217|250|127|4|0|0|
0|2|80|233|254|217|37|0|0|82|233|222|72|173|252|220|50|0|0|0|0|39|217|250|127|4|0|0|
0|0|50|222|254|217|37|0|2|172|252|215|41|127|250|249|125|4|0|0|4|114|245|250|127|4|0|0|
0|0|37|217|254|217|37|0|5|216|252|172|25|125|249|250|141|11|0|0|5|129|250|249|125|4|0|0|
0|0|37|215|254|217|37|1|36|234|243|115|7|82|232|254|220|79|3|0|34|177|252|232|82|2|0|0|
0|0|20|160|248|222|51|17|146|251|188|38|0|22|159|247|251|175|34|3|102|239|252|184|27|0|0|0|
0|0|3|97|238|245|117|45|188|251|159|16|0|1|52|220|254|244|127|9|109|239|251|160|16|0|0|0|
0|0|4|124|249|252|192|179|246|218|79|3|0|0|20|158|246|254|221|79|208|253|243|115|4|0|0|0|
0|0|2|81|232|254|252|252|250|95|8|0|0|0|1|36|175|250|253|227|249|251|175|34|0|0|0|0|
0|0|0|22|159|243|250|243|175|20|0|0|0|0|0|3|67|175|244|254|251|218|79|3|0|0|0|0|
0|0|0|1|33|113|127|113|34|0|0|0|0|0|0|0|3|34|126|213|170|79|8|0|0|0|0|0|
0|0|0|0|0|4|4|4|0|0|0|0|0|0|0|0|0|0|8|36|21|3|0|0|0|0|0|0|
0|0|0|0|0|0|0|0|0|0|0|0|0|0|0|0|0|0|0|0|0|0|0|0|0|0|0|0|
0|0|0|0|0|0|0|0|0|0|0|0|0|0|0|0|0|0|0|0|0|0|0|0|0|0|0|0|
0|0|0|0|0|0|0|0|0|0|0|0|0|0|0|0|0|0|0|0|0|0|0|0|0|0|0|0|
0|0|0|0|0|0|0|0|0|0|0|0|0|0|0|0|0|0|0|0|0|0|0|0|0|0|0|0|

24th in xtrain
>>> t=[]
>>> for i in range(len(w)):
...     t.append([round(x[0]*255) for x in w[i]])
... 
>>> 
>>> for i in range(len(t)):
...     for j in range(len(t[i])):
...             print(t[i][j],end='|')
...     print()
... 